1111111111111111111111111111111111111111111111111111111111111111111111111111111111111111111111111111111111111111111111111111111111111
1001111111111111111111111111111111111111111111111111111111111111111111111111111111111111111111111111111111111111111111111111111111111
1000000111111111111111111111111111111111111111111111111111111111111111111111111111111111111111111111111111111111111111111111111111111
1000000011111111111111111111111111111111111111111111111111111111111111111111111111111111111111111111111111111111111111111111111111111
1100000011111111111111111111111111111111111111111111111111111111111111111111111111111111111111111111111111111111111111111111111111111
1111000011111111111111111111111111111111111111111111111111111111111111111111111111111111111111111111111111111111111111111111111111111
1111100001111111111111111111111111111111111111111111111111111111111111111111111111111111111111111111111111111111111111111111111111111
1111000001111111111111111111111111111111111111111111111111111111111111111111111111111111111111111111111111111111111111111111111111111
1111000000111111111111111111111111111111111111111111111111111111111111111111111111111111111111111111111111111111111111111111111111111
1111000000011111111111111111111111111111111111111111111111111111111111111111111111111111111111111111111111111111111111111111111111111
1111100000001111111111111111111111111111111111111111111111111111111111111111111111111111111111111111111111111111111111113111111111111
1111110000000111111111111111111111111111111111111111111111111111111111111111111111111111111111111111111111111111111111123311111111111
1111110000000001111111111111111111111111111111111111111111111111111111111111111111111111111111111111111111111111111111002331111111111
1111111110000000111001111111111111111111111111111111111111111111111111111111111111111111111111111111111111111111111110000233111111111
1111111111000000010000111111111111111111111111111111111111111111111111111111111111111111111111111111111111111111111100000023311111111
1111111111000000000000011111111111111111111111111111111111111111111111111111111111111111111111111111111111111111111000000002331111111
1111111111111000000000000000111111111111111111111111111111111111111111111111111111111111111111111111111111111111110000000000233111111
1111111111111110000000000000011111111111111111111111111111111111111111111111111111111111111111111111111111111111110000000000023311111
1111111111111110000000000000011111111111111111111111111111111111111111111111111111111111111111111111111111111111100000000000002331111
1111111111111111000000000000011110000111111111111111111111111111111111111111111111111111111111111111111111111111000000000000000233111
1111111111111111000000000000001000000011111111111111111111111111111111111111111111111111111111111111111111111110000000000000000023311
1111111111111110000000000000000000000001111111111111111111111111111111111111111111111111111111111111111111111100000000000000000002331
1111111111111110000000000000000000000000111111111111111111111111111111111111111111111111111111111111111111111000000000000000000000211
1111111111111111100000000000000000000000001111111111111111111111111111111111111111111111111111111111111111110000000000000000000000111
1111111111111111111100000000000000000000000111111111111111111111111111111111111111111111111111111111111111110000000000000000000001111
1111111111111111111000000000000000000000000000111111111111111111111111111111111111111111111111111111111111100000000000000000000001111
1111111111111111111000000000000000000000000000000001111111111111111111111111111111111111111111111111111111000000000000000000000011111
1111111111111111111000000000000000000000000000000000001111111111111111111111111111111111111111111111111110000000000000000000000111111
1111111111111111111000000000000000000000000000000000000001111111111111111111111111111111111111111111111100000000000000000000001111111
1111111111111111111110000000000000000000000000000000000000000000111111111111111111111111111111111111110000000000000000000000001111111
1111111111111111111111111000000000000000000000000000000000000000001111111111111111111111111111111111000000000000000000000000011111111
1111111111111111111111111100000000000000000000000000000000000000000011111111111111111111111111111000000000000000000000000000111111111
1111111111111111111111111110000000000000000000000000000000000000000000111111111111111111111111100000000000000000000000000001111111111
1111111111111111111111111111000000000000000000000000000000000000000000011111111111111111111100000000000000000000000000000011111111111
1111111111111111111111111111100000000000000000000000000000000000000000000011111111111111001000000000000000000000000000000011111111111
1111111111111111111111111111111000000000000000000000000000000000000000000000000111111100000000000000000000000000000000000111111111111
1111111111111111111111111111111100000000000000000000000000000000000000000000000000000000000000000000000000000000000000011111111111111
1111111111111111111111111111111100000000000000000000000000000000000000000000000000000000000000000000000000000000000011111111111111111
1111111111111111111111111111111110000000000000000000000000000000000000000000000000000000000000000000000000000000111111111111111111111
1111111111111111111111111111111110000000000000000000000000000000000000000000000000000000000000000000000000000000111111111111111111111
1111111111111111111111111111111110000000000000000000000000000000000000000000000000000000000000000000000000000001111111111111111111111
1111111111111111111111111111111111000000000000000000000000000000000000000000000000000000000000000000000000000011111111111111111111111
1111111111111111111111111111111111100000000000000000000000000000000000000000000000000000000000000000000000000011111111111111111111111
1111111111111111111111111111111111100000000000000000000000000000000000000000000000000000000000000000000000000111111111111111111111111
1111111111111111111111111111111111110000000000000000000000000000000000000000000000000000000000000000000000000111111111111111111111111
1111111111111111111111111111111111111000000000000000000000000000000000000000000000000000000000000000000000011111111111111111111111111
1111111111111111111111111111111111111000000000000000000000000000000000000000000000000000000000000000000000111111111111111111111111111
1111111111111111111111111111111110011000000000000000000000000000000000000000000000000000000000000000000001111111111111111111111111111
1111111111111111111111111111111110000000000000000000000000000000000000000000000000000000000000000000000011111111111111111111111111111
1111111111111111111111111111111110000000000000000000000000000000000000000000000000000000000000000000001111111111111111111111111111111
1111111111111111111111111111111111000000000000000000000000000000000000000000000000000000000000000000011111111111111111111111111111111
1111111111111111111111111111111111000000000000000000000000000000000000000000000000000000000000000000111111111111111111111111111111111
1111111111111111111111111111111110000000000000000000000000000000000000000000000000000000000000000000111111111111111111111111111111111
1111111111111111111111111111111110000000000000000000000000000000000000000000000000000000000000000001111111111111111111111111111111111
1111111111111111111111111111111100000000000000000000000000000000000000000000000000000000000000000001111111111111111111111111111111111
1111111111111111111111111111111100000000000000000000000000000000000000000000000000000000000000000001111111111111111111111111111111111
1111111111111111111111111111111110000000000000000000000000000000000000000000000000000000000000000001111111111111111111111111111111111
1111111111111111111111111111110000000000000000000000000000000000000000000000000000000000000000000001111111111111111111111111111111111
1111111111111111111111111111110000000000000000000000000000000000000000000000000000000000000000000001111111111111111111111111111111111
1111111111111111111111111111110000000000000000000000000000000000000000000000000000000000000000000000111111111111111111111111111111111
1111111111111111111111111111110000000000000000000000000000000000000000000000000000000000000000000000111111111111111111111111111111111
1111111111111111111111111111110000000000000000000000000000000000000000000000000000000000000000000000011111111111111111111111111111111
1111111111111111111111111111111000000000000000000000000000000000000000000000000000000000000000000000001111111111111111111111111111111
1111111111111111111111111111111100000000000000000000000000000000000000000000000000000000000000000000001111111111111111111111111111111
1111111111111111111111111111111100000000000000000100000000000000000000000000000000000000000000000000000111111111111111111111111111111
1111111111111111111111111111111110000000000000111111110000000111110000000000000000000000000000000000000111111111111111111111111111111
1111111111111111111111111111111110000000000011110000000000000111111100000000000000000000000000000000000011111111111111111111111111111
1111111111111111111111111111111110000000000011100000000000000111111111000000000000000000000000000000000011111111111111111111111111111
1111111111111111111111111111111111000000000011100000000000000111111111100000000000000000000000000000000001111111111111111111111111111
1111111111111111111111111111111111000000000000110000000000000111111111110000000000000000000000000000000001111111111111111111111111111
1111111111111111111111111111111111000000000000110000000000001111111111110000000000000000000000000000000001111111111111111111111111111
1111111111111111111111111111111111000000000000000000000010001111111111110000000000000000000000000000000000111111111111111111111111111
1111111111111111111111111111111111000000000000000000000010011111111111111000000000000000000000000000000000111111111111111111111111111
1111111111111111111111111111111111100000000000000000000011111111111111111100000000000000000000000000000000111111111111111111111111111
1111111111111111111111111111111111110000000000000000000011111111111111111111000000000000000000000000000000111111111111111111111111111
1111111111111111111111111111111111110000000000000000000001111111111111111111111110000000000000000000000000011111111111111111111111111
1111111111111111111111111111111111110000000000000000000001111111111111111111111111000000000000000000000000031111111111111111111111111
1111111111111111111111111111111111111000000000000000000001111111111111111111111111110000000000000000000033331111111111111111111111111
1111111111111111111111111111111111111000000000000000000001111111111111111111111111111111000000000000003331111111111111111111111111111
1111111111111111111111111111111111110000000000000000000001111111111111111111111111111111100000000000003111111111111111111111111111111
1111111111111111111111111111111111110000000000000000000000011111111111111111111111111111110000000000033111111111111111111111111111111
1111111111111111111111111111111111110000000000000000000000001111111111111111111111111111111000000000031111111111111111111111111111111
1111111111111111111111111111111111111000000000000000000000001111111111111111111111111111111111000000031111111111111111111111111111111
1111111111111111111111111111111111110000000000000000000000000111111111111111111111111111111111100000111111111111111111111111111111111
1111111111111111111111111111111111100000000000000000000000000111111111111111111111111111111111111001111111111111111111111111111111111
1111111111111111111111111111111111100000000000000000000000000011111111111111111111111111111111111111111111111111111111111111111111111
1111111111111111111111111111111111100000000000000000000000000011111111111111111111111111111111111111111111111111111111111111111111111
1111111111111111111111111111111111111000000000000000000000000001111111111111111111111111111111111111111111111111111111111111111111111
1111111111111111111111111111111111111000000000000000000000000000111111111111111111111111111111111111111111111111111111111111111111111
1111111111111111111111111111111111111110000000000000000000000000111111111111111111111111111111111111111111111111111111111111111111111
1111111111111111111111111111111111111110000000000000000000000000011111100111111111111111111111111111111111111111111111111111111111111
1111111111111111111111111111111111111111110001000000000000000000000100000001111111111111111111111111111111111111111111111111111111111
1111111111111111111111111111111111111111111111110000000000000000000000000001111111111111111111111111111111111111111111111111111111111
1111111111111111111111111111111111111111111111111000000000000000000000000000111111111111111111111111111111111111111111111111111111111
1111111111111111111111111111111111111111111111111000000000000000000000000000111111111111111111111111111111111111111111111111111111111
1111111111111111111111111111111111111111111111111000000000000000000000000001111111111111111111111111111111111111111111111111111111111
1111111111111111111111111111111111111111111111111111000000000000000000000001111111111111111111111111111111111111111111111111111111111
1111111111111111111111111111111111111111111111111111000000000000000000000000111111111111111111111111111111111111111111111111111111111
1111111111111111111111111111111111111111111111111111100000000000000000000000111111111111111111111111111111111111111111111111111111111
1111111111111111111111111111111111111111111111111111100000000000000000000000011111111111111111111111111111111111111111111111111111111
1111111111111111111111111111111111111111111111111111100000000000000000000000011111111111111111111111111111111111111111111111111111111
1111111111111111111111111111111111111111111111111111100000000000000000000000011111111111111111111111111111111111111111111111111111111
1111111111111111111111111111111111111111111111111111110000000000000000000000011111111111111111111111111111111111111111111111111111111
1111111111111111111111111111111111111111111111111111111100000000000000000000011111111111111111111111111111111111111111111111111111111
1111111111111111111111111111111111111111111111111111111111000000000000000000031111111111111111111111111111111111111111111111111111111
1111111111111111111111111111111111111111111111111111111111000000000000000001331111111111111111111111111111111111111111111111111111111
1111111111111111111111111111111111111111111111111111111111111111100000001111111111111111111111111111111111111111111111111111111111111
1111111111111111111111111111111111111111111111111111111111111111110000001111111111111111111111111111111111111111111111111111111111111
1111111111111111111111111111111111111111111111111111111111111111110000011111111111111111111111111111111111111111111111111111111111111
1111111111111111111111111111111111111111111111111111111111111111111111111111111111111111111111111111111111111111111111111111111111111
111111111111111111111111111111111111111111111111111111111111111111111111111111111111111111111111111111111111111111111111111111111111  1  0  0  0  0  0  0  0  0  0  0  0  0  0  0  0  0  0  0  0  0  0  0  0  0  0  0  0  0  0  0  0  0  0  0  0  0  0  0  0  0  0  0  0  0  0  0  0  0  0  0  0  0  0  0  0  0  0  0  0  0  0  0  0  0  0  0  0  0  0  0  0  0  0  0  0  0  0  0  0  0  0  0  0  0  0  0  0  0
100 23 23111111111111111111111111111111111111111111111111111111111111111111111111111111111111111111111111111111111111111111111111111  1  0  0  0  0  0  0  0  0  0  0  0  0  0  0  0  0  0  0  0  0  0  0  0  0  0  0  0  0  0  0  0  0  0  0  0  0  0  0  0  0  0  0  0  0  0  0  0  0  0  0  0  0  0  0  0  0  0  0  0  0  0  0  0  0  0  0  0  0  0  0  0  0  0  0  0  0  0  0  0  0  0  0  0  0  0  0  0  0
100  4 11 23 23 23 23111111111111111111111111111111111111111111111111111111111111111111111111111111111111111111111111111111111111111  1  0  0  0  0  0  0  0  0  0  0  0  0  0  0  0  0  0  0  0  0  0  0  0  0  0  0  0  0  0  0  0  0  0  0  0  0  0  0  0  0  0  0  0  0  0  0  0  0  0  0  0  0  0  0  0  0  0  0  0  0  0  0  0  0  0  0  0  0  0  0  0  0  0  0  0  0  0  0  0  0  0  0  0  0  0  0  0  0
100  4  4 23 23 23 23 23111111111111111111111111111111111111111111111111111111111111111111111111111111111111111111111111111111111111  1  0  0  0  0  0  0  0  0  0  0  0  0  0  0  0  0  0  0  0  0  0  0  0  0  0  0  0  0  0  0  0  0  0  0  0  0  0  0  0  0  0  0  0  0  0  0  0  0  0  0  0  0  0  0  0  0  0  0  0  0  0  0  0  0  0  0  0  0  0  0  0  0  0  0  0  0  0  0  0  0  0  0  0  0  0  0  0  0
110  0  4 23 23 23 23 23111111111111111111111111111111111111111111111111111111111111111111111111111111111111111111111111111111111111  1  0  0  0  0  0  0  0  0  0  0  0  0  0  0  0  0  0  0  0  0  0  0  0  0  0  0  0  0  0  0  0  0  0  0  0  0  0  0  0  0  0  0  0  0  0  0  0  0  0  0  0  0  0  0  0  0  0  0  0  0  0  0  0  0  0  0  0  0  0  0  0  0  0  0  0  0  0  0  0  0  0  0  0  0  0  0  0  0
111100  1111 23 23 23 23111111111111111111111111111111111111111111111111111111111111111111111111111111111111111111111111111111111111  1  0  0  0  0  0  0  0  0  0  0  0  0  0  0  0  0  0  0  0  0  0  0  0  0  0  0  0  0  0  0  0  0  0  0  0  0  0  0  0  0  0  0  0  0  0  0  0  0  0  0  0  0  0  0  0  0  0  0  0  0  0  0  0  0  0  0  0  0  0  0  0  0  0  0  0  0  0  0  0  0  0  0  0  0  0  0  0  0
111110  0111111 23 23 23 23111111111111111111111111111111111111111111111111111111111111111111111111111111111111111111111111111111111  1  0  0  0  0  0  0  0  0  0  0  0  0  0  0  0  0  0  0  0  0  0  0  0  0  0  0  0  0  0  0  0  0  0  0  0  0  0  0  0  0  0  0  0  0  0  0  0  0  0  0  0  0  0  0  0  0  0  0  0  0  0  0  0  0  0  0  0  0  0  0  0  0  0  0  0  0  0  0  0  0  0  0  0  0  0  0  0  0
111100  0111 23 23 23 23 23111111111111111111111111111111111111111111111111111111111111111111111111111111111111111111111111111111111  1  0  0  0  0  0  0  0  0  0  0  0  0  0  0  0  0  0  0  0  0  0  0  0  0  0  0  0  0  0  0  0  0  0  0  0  0  0  0  0  0  0  0  0  0  0  0  0  0  0  0  0  0  0  0  0  0  0  0  0  0  0  0  0  0  0  0  0  0  0  0  0  0  0  0  0  0  0  0  0  0  0  0  0  0  0  0  0  0
111100  0 11 23 23 23 23 23 23111111111111111111111111111111111111111111111111111111111111111111111111111111111111111111111111111111  1  0  0  0  0  0  0  0  0  0  0  0  0  0  0  0  0  0  0  0  0  0  0  0  0  0  0  0  0  0  0  0  0  0  0  0  0  0  0  0  0  0  0  0  0  0  0  0  0  0  0  0  0  0  0  0  0  0  0  0  0  0  0  0  0  0  0  0  0  0  0  0  0  0  0  0  0  0  0  0  0  0  0  0  0  0  0  0  0
111100  0  1 23 23 23 23 23 23 23111111111111111111111111111111111111111111111111111111111111111111111111111111111111111111111111111  1  0  0  0  0  0  0  0  0  0  0  0  0  0  0  0  0  0  0  0  0  0  0  0  0  0  0  0  0  0  0  0  0  0  0  0  0  0  0  0  0  0  0  0  0  0  0  0  0  0  0  0  0  0  0  0  0  0  0  0  0  0  0  0  0  0  0  0  0  0  0  0  0  0  0  0  0  0  0  0  0  0  0  0  0  0  0  0  0
111110  0  0111 23 23 23 23 23 23 23111111111111111111111111111111111111111111111111111111111111111111111111111111111111311111111111  1  0  0  0  0  0  0  0  0  0  0  0  0  0  0  0  0  0  0  0  0  0  0  0  0  0  0  0  0  0  0  0  0  0  0  0  0  0  0  0  0  0  0  0  0  0  0  0  0  0  0  0  0  0  0  0  0  0  0  0  0  0  0  0  0  0  0  0  0  0  0  0  0  0  0  0  4  0  0  0  0  0  0  0  0  0  0  0  0
111111  0  0 11111 23 23 23 23 23 23 23111111111111111111111111111111111111111111111111111111111111111111111111111111112331111111111  1  0  0  0  0  0  0  0  0  0  0  0  0  0  0  0  0  0  0  0  0  0  0  0  0  0  0  0  0  0  0  0  0  0  0  0  0  0  0  0  0  0  0  0  0  0  0  0  0  0  0  0  0  0  0  0  0  0  0  0  0  0  0  0  0  0  0  0  0  0  0  0  0  0  0  4  4  4  0  0  0  0  0  0  0  0  0  0  0
111111  0  0  0111 23 23 23 23 23 23 23 23 23111111111111111111111111111111111111111111111111111111111111111111111111105233111111111  1  0  0  0  0  0  0  0  0  0  0  0  0  0  0  0  0  0  0  0  0  0  0  0  0  0  0  0  0  0  0  0  0  0  0  0  0  0  0  0  0  0  0  0  0  0  0  0  0  0  0  0  0  0  0  0  0  0  0  0  0  0  0  0  0  0  0  0  0  0  0  0  0  0  4  4  4  4  4  0  0  0  0  0  0  0  0  0  0
111111111  0  0 11100111111 23 23 23 23 23 23 23111111111 23 23111111111111111111111111111111111111111111111111111111  0523311111111  1  0  0  0  0  0  0  0  0  0  0  0  0  0  0  0  0  0  0  0  0  0  0  0  0  0  0  0  0  0  0  0  0  0  0  0  0  0  0  0  0  0  0  0  0  0  0  0  0  0  0  0  0  0  0  0  0  0  0  0  0  0  0  0  0  0  0  0  0  0  0  0  0  4  4  4  4  4  4  4  0  0  0  0  0  0  0  0  0
111111111100  0  1  0 11111111 23 23 23 23 23 23 23111 23 23 23 23111111111111111111111111111111111111111111111111110  0 52331111111  1  0  0  0  0  0  0  0  0  0  0  0  0  0  0  0  0  0  0  0  0  0  0  0  0  0  0  0  0  0  0  0  0  0  0  0  0  0  0  0  0  0  0  0  0  0  0  0  0  0  0  0  0  0  0  0  0  0  0  0  0  0  0  0  0  0  0  0  0  0  0  0  4  4  4  4  4  4  4  4  4  0  0  0  0  0  0  0  0
111111111100  0  0  0  1111111 23 23 23 23 23 23 23 23 23 23 23 23 23111111111111111111111111111111111111111111111100  0  5233111111  1  0  0  0  0  0  0  0  0  0  0  0  0  0  0  0  0  0  0  0  0  0  0  0  0  0  0  0  0  0  0  0  0  0  0  0  0  0  0  0  0  0  0  0  0  0  0  0  0  0  0  0  0  0  0  0  0  0  0  0  0  0  0  0  0  0  0  0  0  0  0  4  4  4  4  4  4  4  4  4  4  4  0  0  0  0  0  0  0
111111111111100  0  0  0  0 11111111111 23 23 23 23 23 23 23 23 23 23 23 23 23 23 23111111111111111111111111111111  0  0  0523311111  1  0  0  0  0  0  0  0  0  0  0  0  0  0  0  0  0  0  0  0  0  0  0  0  0  0  0  0  0  0  0  0  0  0  0  0  0  0  0  0  0  0  0  0  0  0  0  0  0  0  0  0  0  0  0  0  0  0  0  0  0  0  0  0  0  0  0  0  0  0  4  4  4  4  4  4  4  4  4  4  4  4  4  0  0  0  0  0  0
111111111111111  0  0  0  0  1111111111111111 23 23 23 23 23 23 23 23 23 23 23 23 23 23111111111111111111111111111  0  0  0 52331111  1  0  0  0  0  0  0  0  0  0  0  0  0  0  0  0  0  0  0  0  0  0  0  0  0  0  0  0  0  0  0  0  0  0  0  0  0  0  0  0  0  0  0  0  0  0  0  0  0  0  0  0  0  0  0  0  0  0  0  0  0  0  0  0  0  0  0  0  0  0  4  4  4  4  4  4  4  4  4  4  4  4  4  4  0  0  0  0  0
111111111111111  0  0  0  0  1111111111111111 23 23 23 23 23 23 23 23 23 23 23 23 23 23111111111111111111111111110  0  0  0  5233111  1  0  0  0  0  0  0  0  0  0  0  0  0  0  0  0  0  0  0  0  0  0  0  0  0  0  0  0  0  0  0  0  0  0  0  0  0  0  0  0  0  0  0  0  0  0  0  0  0  0  0  0  0  0  0  0  0  0  0  0  0  0  0  0  0  0  0  0  0  4  4  4  4  4  4  4  4  4  4  4  4  4  4  4  4  0  0  0  0
111111111111111100  0  0  0  1111  0 11111111111 23 23 23 23 23 23 23 23 23 23 23 23 23111111111111 23 23 23 23100  0  0  0  0523311  1  0  0  0  0  0  0  0  0  0  0  0  0  0  0  0  0  0  0  0  0  0  0  0  0  0  0  0  0  0  0  0  0  0  0  0  0  0  0  0  0  0  0  0  0  0  0  0  0  0  0  0  0  0  0  0  0  0  0  0  0  0  0  0  0  0  0  0  4  4  4  4  4  4  4  4  4  4  4  4  4  4  4  4  4  4  0  0  0
111111111111111100  0  0  0  0100  0  1111111111 23 23 23 23 23 23 23 23 23 23 23 23 23 23111 23 23 23 23 23 23  4  0  0  0  0 52331  1  0  0  0  0  0  0  0  0  0  0  0  0  0  0  0  0  0  0  0  0  0  0  0  0  0  0  0  0  0  0  0  0  0  0  0  0  0  0  0  0  0  0  0  0  0  0  0  0  0  0  0  0  0  0  0  0  0  0  0  0  0  0  0  0  0  0  4  4  4  4  4  4  4  4  4  4  4  4  4  4  4  4  4  4  4  4  0  0
111111111111111  0  0  0  0  0  0  0  0111111 23 23 23 23 23 23 23 23 23 23 23 23 23 23 23 23 23 23 23 23 23 23  4  4  0  0  0  5233  1  0  0  0  0  0  0  0  0  0  0  0  0  0  0  0  0  0  0  0  0  0  0  0  0  0  0  0  0  0  0  0  0  0  0  0  0  0  0  0  0  0  0  0  0  0  0  0  0  0  0  0  0  0  0  0  0  0  0  0  0  0  0  0  0  0  4  4  4  4  4  4  4  4  4  4  4  4  4  4  4  4  4  4  4  4  4  4  0
111111111111111  0  0  0  0  0  0  0  0 11111 23 23 23 23 23 23 23 23 23 23 23 23 23 23 23 23 23 23 23 23 23 23  4  4  4  0  0  0521  1  0  0  0  0  0  0  0  0  0  0  0  0  0  0  0  0  0  0  0  0  0  0  0  0  0  0  0  0  0  0  0  0  0  0  0  0  0  0  0  0  0  0  0  0  0  0  0  0  0  0  0  0  0  0  0  0  0  0  0  0  0  0  0  0  4  4  4  4  4  4  4  4  4  4  4  4  4  4  4  4  4  4  4  4  4  4  0  0
111111111111111110  0  0  0  0  0  0  0  0111111111 23 23 23 23 23 23 23 23 23 23 23 23 23 23 23 23 23 23 23  4  4  4  4  4  4  0 11  1  0  0  0  0  0  0  0  0  0  0  0  0  0  0  0  0  0  0  0  0  0  0  0  0  0  0  0  0  0  0  0  0  0  0  0  0  0  0  0  0  0  0  0  0  0  0  0  0  0  0  0  0  0  0  0  0  0  0  0  0  0  0  0  4  4  4  4  4  4  4  4  4  4  4  4  4  4  4  4  4  4  4  4  4  4  0  0  0
111111111111111111110  0  0  0  0  0  0  0 11111111111111111 23 23 23 23 23 23 23 23 23 23 23 23 23 23 23 23  4  4  4  4  4  4  4111  1  0  0  0  0  0  0  0  0  0  0  0  0  0  0  0  0  0  0  0  0  0  0  0  0  0  0  0  0  0  0  0  0  0  0  0  0  0  0  0  0  0  0  0  0  0  0  0  0  0  0  0  0  0  0  0  0  0  0  0  0  0  0  0  4  4  4  4  4  4  4  4  4  4  4  4  4  4  4  4  4  4  4  4  4  0  0  0  0
111111111111111111100  0  0  0  0  0  0  0  0 11111111111 23 23 23 23 23 23 23 23 23 23 23 23 23 23 23 23 23  4  4  4  4  4  4  4 23  4  4  0  0  0  0  0  0  0  0  0  0  0  0  0  0  0  0  0  0  0  0  0  0  0  0  0  0  0  0  0  0  0  0  0  0  0  0  0  0  0  0  0  0  0  0  0  0  0  0  0  0  0  0  0  0  0  0  0  0  0  0  0  4  4  4  4  4  4  4  4  4  4  4  4  4  4  4  4  4  4  4  4  4  4  0  0  0  0
111111111111111111100  0  0  0  0  0  0  0  0  0  0111111 23 23 23 23 23 23 23 23 23 23 23 23 23 23 23 23 23  4  4  4  4  4  4  4 23  4  4  4  4  4  4  4  0  0  0  0  0  0  0  0  0  0  0  0  0  0  0  0  0  0  0  0  0  0  0  0  0  0  0  0  0  0  0  0  0  0  0  0  0  0  0  0  0  0  0  0  0  0  0  0  0  0  0  0  0  0  0  4  4  4  4  4  4  4  4  4  4  4  4  4  4  4  4  4  4  4  4  4  4  0  0  0  0  0
111111111111111111100  0  0  0  0  0  0  0  0  0  0  0111 23 23 23 23 23 23 23 23 23 23 23 23 23 23 23 23  4  4  4  4  4  4  4 11 23  4  4  4  4  4  4  4  4  4  4  0  0  0  0  0  0  0  0  0  0  0  0  0  0  0  0  0  0  0  0  0  0  0  0  0  0  0  0  0  0  0  0  0  0  0  0  0  0  0  0  0  0  0  0  0  0  0  0  0  0  0  4  4  4  4  4  4  4  4  4  4  4  4  4  4  4  4  4  4  4  4  4  4  0  0  0  0  0  0
111111111111111111100  0  0  0  0  0  0  0  0  0  0  0  0 23 23 23 23 23 23 23 23 23 23 23 23 23 23 23 23  4  4  4  4  4  4  4 23 23  4  4  4  4  4  4  4  4  4  4  4  4  4  0  0  0  0  0  0  0  0  0  0  0  0  0  0  0  0  0  0  0  0  0  0  0  0  0  0  0  0  0  0  0  0  0  0  0  0  0  0  0  0  0  0  0  0  0  0  0  4  4  4  4  4  4  4  4  4  4  4  4  4  4  4  4  4  4  4  4  4  4  0  0  0  0  0  0  0
111111111111111111111  0  0  0  0  0  0  0  0  0  0  0  0  0  0 11 23 23 23 23 23 23 23 23 23 23 23 23  4  4  4  4  4  4  4  4 23 23  4  4  4  4  4  4  4  4  4  4  4  4  4  4  4  4  4  4  4  4  0  0  0  0  0  0  0  0  0  0  0  0  0  0  0  0  0  0  0  0  0  0  0  0  0  0  0  0  0  0  0  0  0  0  0  0  0  0  4  4  4  4  4  4  4  4  4  4  4  4  4  4  4  4  4  4  4  4  4  4  4  4  0  0  0  0  0  0  0
111111111111111111111111100  0  0  0  0  0  0  0  0  0  0  0  0  0111111111 23 23 23 23 23 23 23 23 23  4  4  4  4  4  4  4  4 23 23  4  4  4  4  4  4  4  4  4  4  4  4  4  4  4  4  4  4  4  4  4  4  0  0  0  0  0  0  0  0  0  0  0  0  0  0  0  0  0  0  0  0  0  0  0  0  0  0  0  0  0  0  0  0  0  0  4  4  4  4  4  4  4  4  4  4  4  4  4  4  4  4  4  4  4  4  4  4  4  4  4  0  0  0  0  0  0  0  0
111111111111111111111111110  0  0  0  0  0  0  0  0  0  0  0  0  0  1111111111 23 23 23 23 23 23 23  4  4  4  4  4  4  4  4 11 23 23  4  4  4  4  4  4  4  4  4  4  4  4  4  4  4  4  4  4  4  4  4  4  4  4  0  0  0  0  0  0  0  0  0  0  0  0  0  0  0  0  0  0  0  0  0  0  0  0  0  0  0  0  0  4  4  4  4  4  4  4  4  4  4  4  4  4  4  4  4  4  4  4  4  4  4  4  4  4  4  4  0  0  0  0  0  0  0  0  0
111111111111111111111111111  0  0  0  0  0  0  0  0  0  0  0  0  0  0 11111111111 23 23 23 23 23  4  4  4  4  4  4  4  4  4 23 23 23  4  4  4  4  4  4  4  4  4  4  4  4  4  4  4  4  4  4  4  4  4  4  4  4  4  4  0  0  0  0  0  0  0  0  0  0  0  0  0  0  0  0  0  0  0  0  0  0  0  0  0  4  4  4  4  4  4  4  4  4  4  4  4  4  4  4  4  4  4  4  4  4  4  4  4  4  4  4  4  0  0  0  0  0  0  0  0  0  0
111111111111111111111111111100  0  0  0  0  0  0  0  0  0  0  0  0  0  1111111111111 23 23 23  4  4  4  4  4  4  4  4  4  4 23 23 23  4  4  4  4  4  4  4  4  4  4  4  4  4  4  4  4  4  4  4  4  4  4  4  4  4  4  4  0  0  0  0  0  0  0  0  0  0  0  0  0  0  0  0  0  0  0  0  0  4  4  4  4  4  4  4  4  4  4  4  4  4  4  4  4  4  4  4  4  4  4  4  4  4  4  4  4  4  4  0  0  0  0  0  0  0  0  0  0  0
111111111111111111111111111110  0  0  0  0  0  0  0  0  0  0  0  0  0  0  1111111111111 23 23  4  4  4  4  4  4  4  4  4  4 23 23 23  4  4  4  4  4  4  4  4  4  4  4  4  4  4  4  4  4  4  4  4  4  4  4  4  4  4  4  4  4  4  0  0  0  0  0  0  0  0  0  0  0  0  0  0  4  4  0  4  4  4  4  4  4  4  4  4  4  4  4  4  4  4  4  4  4  4  4  4  4  4  4  4  4  4  4  4  4  4  0  0  0  0  0  0  0  0  0  0  0
111111111111111111111111111111100  0  0  0  0  0  0  0  0  0  0  0  0  0  0  0 11111110  0  0  4  4  4  4  4  4  4  4  4 11 23 23 23  4  4  4  4  4  4  4  4  4  4  4  4  4  4  4  4  4  4  4  4  4  4  4  4  4  4  4  4  4  4  4  4  4  4  4  0  0  0  0  0  0  0  4  4  4  4  4  4  4  4  4  4  4  4  4  4  4  4  4  4  4  4  4  4  4  4  4  4  4  4  4  4  4  4  4  4  4  0  0  0  0  0  0  0  0  0  0  0  0
111111111111111111111111111111110  0  0  0  0  0  0  0  0  0  0  0  0  0  0  0  0  0  0  0  0  0  4  4  4  4  4  4  4  4 23 23 23 23  4  4  4  4  4  4  4  4  4  4  4  4  4  4  4  4  4  4  4  4  4  4  4  4  4  4  4  4  4  4  4  4  4  4  4  4  4  4  4  4  4  4  4  4  4  4  4  4  4  4  4  4  4  4  4  4  4  4  4  4  4  4  4  4  4  4  4  4  4  4  4  4  4  4  4  0  0  0  0  0  0  0  0  0  0  0  0  0  0
111111111111111111111111111111110  0  0  0  0  0  0  0  0  0  0  0  0  0  0  0  0  0  0  0  0  0  4  4  4  4  4  4  4 23 23 23 23 23  4  4  4  4  4  4  4  4  4  4  4  4  4  4  4  4  4  4  4  4  4  4  4  4  4  4  4  4  4  4  4  4  4  4  4  4  4  4  4  4  4  4  4  4  4  4  4  4  4  4  4  4  4  4  4  4  4  4  4  4  4  4  4  4  4  4  4  4  4  4  4  4  0  0  0  0  0  0  0  0  0  0  0  0  0  0  0  0  0
111111111111111111111111111111111  0  0  0  0  0  0  0  0  0  0  0  0  0  0  0  0  0  0  0  0  0  0  4  4  4  4 11 23 23 23 23 23 23  4  4  4  4  4  4  4  4  4  4  4  4  4  4  4  4  4  4  4  4  4  4  4  4  4  4  4  4  4  4  4  4  4  4  4  4  4  4  4  4  4  4  4  4  4  4  4  4  4  4  4  4  4  4  4  4  4  4  4  4  4  4  4  4  4  4  4  4  0  0  0  0  0  0  0  0  0  0  0  0  0  0  0  0  0  0  0  0  0
111111111111111111111111111111111  0  0  0  0  0  0  0  0  0  0  0  0  0  0  0  0  0  0  0  0  0  0  4  4  4  4 11 23 23 23 23 23 23  4  4  4  4  4  4  4  4  4  4  4  4  4  4  4  4  4  4  4  4  4  4  4  4  4  4  4  4  4  4  4  4  4  4  4  4  4  4  4  4  4  4  4  4  4  4  4  4  4  4  4  4  4  4  4  4  4  4  4  4  4  4  4  4  4  4  4  4  0  0  0  0  0  0  0  0  0  0  0  0  0  0  0  0  0  0  0  0  0
111111111111111111111111111111111  0  0  0  0  0  0  0  0  0  0  0  0  0  0  0  0  0  0  0  0  0  0  4  4  4  4 23 23 23 23 23 23 23  4  4  4  4  4  4  4  4  4  4  4  4  4  4  4  4  4  4  4  4  4  4  4  4  4  4  4  4  4  4  4  4  4  4  4  4  4  4  4  4  4  4  4  4  4  4  4  4  4  4  4  4  4  4  4  4  4  4  4  4  4  4  4  4  4  4  4  0  0  0  0  0  0  0  0  0  0  0  0  0  0  0  0  0  0  0  0  0  0
111111111111111111111111111111111100  0  0  0  0  0  0  0  0  0  0  0  0  0  0  0  0  0  0  0  0  0  0  4  4  4 23 23 23 23 23 23 23  4  4  4  4  4  4  4  4  4  4  4  4  4  4  4  4  4  4  4  4  4  4  4  4  4  4  4  4  4  4  4  4  4  4  4  4  4  4  4  4  4  4  4  4  4  4  4  4  4  4  4  4  4  4  4  4  4  4  4  4  4  4  4  4  4  4  0  0  0  0  0  0  0  0  0  0  0  0  0  0  0  0  0  0  0  0  0  0  0
111111111111111111111111111111111110  0  0  0  0  0  0  0  0  0  0  0  0  0  0  0  0  0  0  0  0  0  0  0  4  4 23 23 23 23 23 23 23  4  4  4  4  4  4  4  4  4  4  4  4  4  4  4  4  4  4  4  4  4  4  4  4  4  4  4  4  4  4  4  4  4  4  4  4  4  4  4  4  4  4  4  4  4  4  4  4  4  4  4  4  4  4  4  4  4  4  4  4  4  4  4  4  4  4  0  0  0  0  0  0  0  0  0  0  0  0  0  0  0  0  0  0  0  0  0  0  0
111111111111111111111111111111111110  0  0  0  0  0  0  0  0  0  0  0  0  0  0  0  0  0  0  0  0  0  0  0  4 11 23 23 23 23 23 23 23  4  4  4  4  4  4  4  4  4  4  4  4  4  4  4  4  4  4  4  4  4  4  4  4  4  4  4  4  4  4  4  4  4  4  4  4  4  4  4  4  4  4  4  4  4  4  4  4  4  4  4  4  4  4  4  4  4  4  4  4  4  4  4  4  4  0  0  0  0  0  0  0  0  0  0  0  0  0  0  0  0  0  0  0  0  0  0  0  0
111111111111111111111111111111111111  0  0  0  0  0  0  0  0  0  0  0  0  0  0  0  0  0  0  0  0  0  0  0  0 11 23 23 23 23 23 23 23  4  4  4  4  4  4  4  4  4  4  4  4  4  4  4  4  4  4  4  4  4  4  4  4  4  4  4  4  4  4  4  4  4  4  4  4  4  4  4  4  4  4  4  4  4  4  4  4  4  4  4  4  4  4  4  4  4  4  4  4  4  4  4  4  4  0  0  0  0  0  0  0  0  0  0  0  0  0  0  0  0  0  0  0  0  0  0  0  0
111111111111111111111111111111111111100  0  0  0  0  0  0  0  0  0  0  0  0  0  0  0  0  0  0  0  0  0  0  1111 23 23 23 23 23 23 23  4  4  4  4  4  4  4  4  4  4  4  4  4  4  4  4  4  4  4  4  4  4  4  4  4  4  4  4  4  4  4  4  4  4  4  4  4  4  4  4  4  4  4  4  4  4  4  4  4  4  4  4  4  4  4  4  4  4  4  4  4  4  4  0  0  0  0  0  0  0  0  0  0  0  0  0  0  0  0  0  0  0  0  0  0  0  0  0  0
111111111111111111111111111111111111100  0  0  0  0  0  0  0  0  0  0  0  0  0  0  0  0  0  0  0  0  0  0 11111 23 23 23 23 23 23 23  4  4  4  4  4  4  4  4  4  4  4  4  4  4  4  4  4  4  4  4  4  4  4  4  4  4  4  4  4  4  4  4  4  4  4  4  4  4  4  4  4  4  4  4  4  4  4  4  4  4  4  4  4  4  4  4  4  4  4  4  4  4  0  0  0  0  0  0  0  0  0  0  0  0  0  0  0  0  0  0  0  0  0  0  0  0  0  0  0
111111111111111111111111111111111  1100  0  0  0  0  0  0  0  0  0  0  0  0  0  0  0  0  0  0  0  0  4  4111111 23 23 23 23 23 23 23  4  4  4  4  4  4  4  4  4  4  4  4  4  4  4  4  4  4  4  4  4  4  4  4  4  4  4  4  4  4  4  4  4  4  4  4  4  4  4  4  4  4  4  4  4  4  4  4  4  4  4  4  4  4  4  4  4  4  4  4  4  0  0  0  0  0  0  0  0  0  0  0  0  0  0  0  0  0  0  0  0  0  0  0  0  0  0  0  0
111111111111111111111111111111111  0  0  0  0  0  0  0  0  0  0  0  0  0  0  0  0  0  0  0  0  0  0  4  4 23 23 23 23 23 23 23 23 23  4  4  4  4  4  4  4  4  4  4  4  4  4  4  4  4  4  4  4  4  4  4  4  4  4  4  4  4  4  4  4  4  4  4  4  4  4  4  4  4  4  4  4  4  4  4  4  4  4  4  4  4  4  4  4  4  4  4  4  4  0  0  0  0  0  0  0  0  0  0  0  0  0  0  0  0  0  0  0  0  0  0  0  0  0  0  0  0  0
111111111111111111111111111111111  0  0  0  0  0  0  0  0  0  0  0  0  0  0  0  0  0  0  0  0  0  0  4 23 23 23 23 23 23 23 23 23 23  4  4  4  4  4  4  4  4  4  4  4  4  4  4  4  4  4  4  4  4  4  4  4  4  4  4  4  4  4  4  4  4  4  4  4  4  4  4  4  4  4  4  4  4  4  4  4  4  4  4  4  4  4  4  4  4  4  4  0  0  0  0  0  0  0  0  0  0  0  0  0  0  0  0  0  0  0  0  0  0  0  0  0  0  0  0  0  0  0
111111111111111111111111111111111100  0  0  0  0  0  0  0  0  0  0  0  0  0  0  0  0  0  0  0  0  0  1 23 23 23 23 23 23 23 23 23 23  4  4  4  4  4  4  4  4  4  4  4  4  4  4  4  4  4  4  4  4  4  4  4  4  4  4  4  4  4  4  4  4  4  4  4  4  4  4  4  4  4  4  4  4  4  4  4  4  4  4  4  4  4  4  4  4  4  0  0  0  0  0  0  0  0  0  0  0  0  0  0  0  0  0  0  0  0  0  0  0  0  0  0  0  0  0  0  0  0
111111111111111111111111111111111100  0  0  0  0  0  0  0  0  0  0  0  0  0  0  0  0  0  0  0  0  0 11 23 23 23 23 23 23 23 23 23 23  4  4  4  4  4  4  4  4  4  4  4  4  4  4  4  4  4  4  4  4  4  4  4  4  4  4  4  4  4  4  4  4  4  4  4  4  4  4  4  4  4  4  4  4  4  4  4  4  4  4  4  4  4  4  4  4  0  0  0  0  0  0  0  0  0  0  0  0  0  0  0  0  0  0  0  0  0  0  0  0  0  0  0  0  0  0  0  0  0
111111111111111111111111111111111  0  0  0  0  0  0  0  0  0  0  0  0  0  0  0  0  0  0  0  0  0  0 11 23 23 23 23 23 23 23 23 23 23  4  4  4  4  4  4  4  4  4  4  4  4  4  4  4  4  4  4  4  4  4  4  4  4  4  4  4  4  4  4  4  4  4  4  4  4  4  4  4  4  4  4  4  4  4  4  4  4  4  4  4  4  4  4  4  4  0  0  0  0  0  0  0  0  0  0  0  0  0  0  0  0  0  0  0  0  0  0  0  0  0  0  0  0  0  0  0  0  0
111111111111111111111111111111111  0  0  0  0  0  0  0  0  0  0  0  0  0  0  0  0  0  0  0  0  0  0 23 23 23 23 23 23 23 23 23 23 23  4  4  4  4  4  4  4  4  4  4  4  4  4  4  4  4  4  4  4  4  4  4  4  4  4  4  4  4  4  4  4  4  4  4  4  4  4  4  4  4  4  4  4  4  4  4  4  4  4  4  4  4  4  4  4  0  0  0  0  0  0  0  0  0  0  0  0  0  0  0  0  0  0  0  0  0  0  0  0  0  0  0  0  0  0  0  0  0  0
111111111111111111111111111111110  0  0  0  0  0  0  0  0  0  0  0  0  0  0  0  0  0  0  0  0  0  4 23 23 23 23 23 23 23 23 23 23 23  4  4  4  4  4  4  4  4  4  4  4  4  4  4  4  4  4  4  4  4  4  4  4  4  4  4  4  4  4  4  4  4  4  4  4  4  4  4  4  4  4  4  4  4  4  4  4  4  4  4  4  4  4  4  4  0  0  0  0  0  0  0  0  0  0  0  0  0  0  0  0  0  0  0  0  0  0  0  0  0  0  0  0  0  0  0  0  0  0
111111111111111111111111111111110  0  0  0  0  0  0  0  0  0  0  0  0  0  0  0  0  0  0  0  0  0  4 23 23 23 23 23 23 23 23 23 23 23  4  4  4  4  4  4  4  4  4  4  4  4  4  4  4  4  4  4  4  4  4  4  4  4  4  4  4  4  4  4  4  4  4  4  4  4  4  4  4  4  4  4  4  4  4  4  4  4  4  4  4  4  4  4  4  0  0  0  0  0  0  0  0  0  0  0  0  0  0  0  0  0  0  0  0  0  0  0  0  0  0  0  0  0  0  0  0  0  0
111111111111111111111111111111111  0  0  0  0  0  0  0  0  0  0  0  0  0  0  0  0  0  0  0  0  0  0 23 23 23 23 23 23 23 23 23 23 23  4  4  4  4  4  4  4  4  4  4  4  4  4  4  4  4  4  4  4  4  4  4  4  4  4  4  4  4  4  4  4  4  4  4  4  4  4  4  4  4  4  4  4  4  4  4  4  4  4  4  4  4  4  4  4  0  0  0  0  0  0  0  0  0  0  0  0  0  0  0  0  0  0  0  0  0  0  0  0  0  0  0  0  0  0  0  0  0  0
111111111111111111111111111111  0  0  0  0  0  0  0  0  0  0  0  0  0  0  0  0  0  0  0  0  4  4  4 23 23 23 23 23 23 23 23 23 23 23  4  4  4  4  4  4  4  4  4  4  4  4  4  4  4  4  4  4  4  4  4  4  4  4  4  4  4  4  4  4  4  4  4  4  4  4  4  4  4  4  4  4  4  4  4  4  4  4  4  4  4  4  4  4  4  0  0  0  0  0  0  0  0  0  0  0  0  0  0  0  0  0  0  0  0  0  0  0  0  0  0  0  0  0  0  0  0  0  0
111111111111111111111111111111  0  0  0  0  0  0  0  0  0  0  0  0  0  0  0  0  0  0  0  0  4  4  4 23 23 23 23 23 23 23 23 23 23 23  4  4  4  4  4  4  4  4  4  4  4  4  4  4  4  4  4  4  4  4  4  4  4  4  4  4  4  4  4  4  4  4  4  4  4  4  4  4  4  4  4  4  4  4  4  4  4  4  4  4  4  4  4  4  4  0  0  0  0  0  0  0  0  0  0  0  0  0  0  0  0  0  0  0  0  0  0  0  0  0  0  0  0  0  0  0  0  0  0
111111111111111111111111111111  0  0  0  0  0  0  0  0  0  0  0  0  0  0  0  0  0  0  0  0  4  4  4 11 23 23 23 23 23 23 23 23 23 23  4  4  4  4  4  4  4  4  4  4  4  4  4  4  4  4  4  4  4  4  4  4  4  4  4  4  4  4  4  4  4  4  4  4  4  4  4  4  4  4  4  4  4  4  4  4  4  4  4  4  4  4  4  4  4  4  0  0  0  0  0  0  0  0  0  0  0  0  0  0  0  0  0  0  0  0  0  0  0  0  0  0  0  0  0  0  0  0  0
111111111111111111111111111111  0  0  0  0  0  0  0  0  0  0  0  0  0  0  0  0  0  0  0  0  4  4  4 11 23 23 23 23 23 23 23 23 23 23  4  4  4  4  4  4  4  4  4  4  4  4  4  4  4  4  4  4  4  4  4  4  4  4  4  4  4  4  4  4  4  4  4  4  4  4  4  4  4  4  4  4  4  4  4  4  4  4  4  4  4  4  4  4  4  4  0  0  0  0  0  0  0  0  0  0  0  0  0  0  0  0  0  0  0  0  0  0  0  0  0  0  0  0  0  0  0  0  0
111111111111111111111111111111  0  0  0  0  0  0  0  0  0  0  0  0  0  0  0  0  0  0  0  0  4  4  4  4 23 23 23 23 23 23 23 23 23 23  4  4  4  4  4  4  4  4  4  4  4  4  4  4  4  4  4  4  4  4  4  4  4  4  4  4  4  4  4  4  4  4  4  4  4  4  4  4  4  4  4  4  4  4  4  4  4  4  4  4  4  4  4  4  4  4  4  0  0  0  0  0  0  0  0  0  0  0  0  0  0  0  0  0  0  0  0  0  0  0  0  0  0  0  0  0  0  0  0
111111111111111111111111111111100  0  0  0  0  0  0  0  0  0  0  0  0  0  0  0  0  0  0  0  0  4  4  4 23 23 23 23 23 23 23 23 23 23  4  4  4  4  4  4  4  4  4  4  4  4  4  4  4  4  4  4  4  4  4  4  4  4  4  4  4  4  4  4  4  4  4  4  4  4  4  4  4  4  4  4  4  4  4  4  4  4  4  4  4  4  4  4  4  4  4  4  0  0  0  0  0  0  0  0  0  0  0  0  0  0  0  0  0  0  0  0  0  0  0  0  0  0  0  0  0  0  0
111111111111111111111111111111110  0  0  0  0  0  0  0  0  0  0  0  0  0  0  0  0  0  0  0  0  0  4  4 23 23 23 23 23 23 23 23 23 23  4  4  4  4  4  4  4  4  4  4  4  4  4  4  4  4  4  4  4  4  4  4  4  4  4  4  4  4  4  4  4  4  4  4  4  4  4  4  4  4  4  4  4  4  4  4  4  4  4  4  4  4  4  4  4  4  4  4  0  0  0  0  0  0  0  0  0  0  0  0  0  0  0  0  0  0  0  0  0  0  0  0  0  0  0  0  0  0  0
111111111111111111111111111111110  0  0  0  0  0 10  0  0  0  0  0  0  0  0  0  0  0  0  0  0  0  4  4 11 23 23 23 23 23 23 23 23 23  4  4  4  4  4  0  4  4  4  4  4  4  4  4  4  4  4  4  4  4  4  4  4  4  4  4  4  4  4  4  4  4  4  4  4  4  4  4  4  4  4  4  4  4  4  4  4  4  4  4  4  4  4  4  4  4  4  4  4  0  0  0  0  0  0  0  0  0  0  0  0  0  0  0  0  0  0  0  0  0  0  0  0  0  0  0  0  0  0
111111111111111111111111111111111  0  0  0  0 11111111  0  0 11111  0  0  0  0  0  0  0  0  0  0  0  4 11 23 23 23 23 23 23 23 23 23  4  4  0  0  0  0  0  0  0  0  4  4  4  4  4  4  4  0  0  0  0  0  4  4  4  4  4  4  4  4  4  4  4  4  4  4  4  4  4  4  4  4  4  4  4  4  4  4  4  4  4  4  4  4  4  4  4  4  4  0  0  0  0  0  0  0  0  0  0  0  0  0  0  0  0  0  0  0  0  0  0  0  0  0  0  0  0  0  0
111111111111111111111111111111111  0  0  0  1111  0  0  0  0 11111110  0  0  0  0  0  0  0  0  0  0  4  4 23 23 23 23 23 23 23 23 23  1  0  0  0  4  4  4  4  4  4  4  4  4  4  4  4  4  0  0  0  0  0  0  0  4  4  4  4  4  4  4  4  4  4  4  4  4  4  4  4  4  4  4  4  4  4  4  4  4  4  4  4  4  4  4  4  4  4  4  4  0  0  0  0  0  0  0  0  0  0  0  0  0  0  0  0  0  0  0  0  0  0  0  0  0  0  0  0  0
111111111111111111111111111111111  0  0  0  1110  0  0  0  0 11111111100  0  0  0  0  0  0  0  0  0  4  4 23 23 23 23 23 23 23 23 23  1  0  0  4  4  4  4  4  4  4  4  4  4  4  4  4  4  0  0  0  0  0  0  0  0  0  4  4  4  4  4  4  4  4  4  4  4  4  4  4  4  4  4  4  4  4  4  4  4  4  4  4  4  4  4  4  4  4  4  4  0  0  0  0  0  0  0  0  0  0  0  0  0  0  0  0  0  0  0  0  0  0  0  0  0  0  0  0  0
111111111111111111111111111111111100  0  0  1110  0  0  0  0 11111111110  0  0  0  0  0  0  0  0  0  0  4 23 23 23 23 23 23 23 23 23  1  0  0  4  4  4  4  4  4  4  4  4  4  4  4  4  4  0  0  0  0  0  0  0  0  0  0  4  4  4  4  4  4  4  4  4  4  4  4  4  4  4  4  4  4  4  4  4  4  4  4  4  4  4  4  4  4  4  4  4  4  0  0  0  0  0  0  0  0  0  0  0  0  0  0  0  0  0  0  0  0  0  0  0  0  0  0  0  0
111111111111111111111111111111111100  0  0  0 11  0  0  0  0 11111111111  0  0  0  0  0  0  0  0  0  0  4 23 23 23 23 23 23 23 23 23  4  4  0  0  4  4  4  4  4  4  4  4  4  4  4  4  4  0  0  0  0  0  0  0  0  0  0  0  4  4  4  4  4  4  4  4  4  4  4  4  4  4  4  4  4  4  4  4  4  4  4  4  4  4  4  4  4  4  4  4  4  0  0  0  0  0  0  0  0  0  0  0  0  0  0  0  0  0  0  0  0  0  0  0  0  0  0  0  0
111111111111111111111111111111111100  0  0  0 11  0  0  0  0111111111111  0  0  0  0  0  0  0  0  0  0  4 23 23 23 23 23 23 23 23 23  4  4  0  0  4  4  4  4  4  4  4  4  4  4  4  4  0  0  0  0  0  0  0  0  0  0  0  0  4  4  4  4  4  4  4  4  4  4  4  4  4  4  4  4  4  4  4  4  4  4  4  4  4  4  4  4  4  4  4  4  4  0  0  0  0  0  0  0  0  0  0  0  0  0  0  0  0  0  0  0  0  0  0  0  0  0  0  0  0
111111111111111111111111111111111100  0  0  0  0  0  0  1  0111111111111  0  0  0  0  0  0  0  0  0  0  4 11 23 23 23 23 23 23 23 23  4  4  4  4  4  4  4  4  4  4  4  4  0  4  4  4  0  0  0  0  0  0  0  0  0  0  0  0  4  4  4  4  4  4  4  4  4  4  4  4  4  4  4  4  4  4  4  4  4  4  4  4  4  4  4  4  4  4  4  4  4  4  0  0  0  0  0  0  0  0  0  0  0  0  0  0  0  0  0  0  0  0  0  0  0  0  0  0  0
111111111111111111111111111111111100  0  0  0  0  0  0  1  1111111111111100  0  0  0  0  0  0  0  0  0  4 11 23 23 23 23 23 23 23 23  4  4  4  4  4  4  4  4  4  4  4  4  0  4  4  0  0  0  0  0  0  0  0  0  0  0  0  0  0  4  4  4  4  4  4  4  4  4  4  4  4  4  4  4  4  4  4  4  4  4  4  4  4  4  4  4  4  4  4  4  4  4  0  0  0  0  0  0  0  0  0  0  0  0  0  0  0  0  0  0  0  0  0  0  0  0  0  0  0
111111111111111111111111111111111110  0  0  0  0  0  0  1111111111111111110  0  0  0  0  0  0  0  0  0  0 11 23 23 23 23 23 23 23 23  4  4  4  4  4  4  4  4  4  4  4  4  0  0  0  0  0  0  0  0  0  0  0  0  0  0  0  0  0  0  4  4  4  4  4  4  4  4  4  4  4  4  4  4  4  4  4  4  4  4  4  4  4  4  4  4  4  4  4  4  4  4  0  0  0  0  0  0  0  0  0  0  0  0  0  0  0  0  0  0  0  0  0  0  0  0  0  0  0
111111111111111111111111111111111111  0  0  0  0  0  0  1111111111111111111100  0  0  0  0  0  0  0  0  0 11 23 23 23 23 23 23 23 23  4  4  4  4  4  4  4  4  4  4  4  4  0  0  0  0  0  0  0  0  0  0  0  0  0  0  0  0  0  0  0  0  4  4  4  4  4  4  4  4  4  4  4  4  4  4  4  4  4  4  4  4  4  4  4  4  4  4  4  4  4  4  0  0  0  0  0  0  0  0  0  0  0  0  0  0  0  0  0  0  0  0  0  0  0  0  0  0  0
111111111111111111111111111111111111  0  0  0  0  0  0  0111111111111111111111111  0  0  0  0  0  0  0  0  1 23 23 23 23 23 23 23 23  4  4  4  4  4  4  4  4  4  4  4  4  4  0  0  0  0  0  0  0  0  0  0  0  0  0  0  0  0  0  0  0  0  0  0  0  0  4  4  4  4  4  4  4  4  4  4  4  4  4  4  4  4  4  4  4  4  4  4  4  4  4  4  0  0  0  0  0  0  0  0  0  0  0  0  0  0  0  0  0  0  0  0  0  0  0  0  0  0
111111111111111111111111111111111111  0  0  0  0  0  0  0111111111111111111111111100  0  0  0  0  0  0  0  3 23 23 23 23 23 23 23 23  4  4  4  4  4  4  4  4  4  4  4  4  4  0  0  0  0  0  0  0  0  0  0  0  0  0  0  0  0  0  0  0  0  0  0  0  0  0  4  4  4  4  4  4  4  4  4  4  4  4  4  4  4  4  4  4  4  4  4  4  4  4  4  4  0  0  0  0  0  0  0  0  0  0  0  0  0  0  0  0  0  0  0  0  0  0  0  0  0
111111111111111111111111111111111111100  0  0  0  0  0  0111111111111111111111111111  0  0  0  0  0  0  3333111 23 23 23 23 23 23 23  4  4  4  4  4  4  4  4  4  4  4  4  4  0  0  0  0  0  0  0  0  0  0  0  0  0  0  0  0  0  0  0  0  0  0  0  0  0  0  0  4  4  4  4  4  4  4  4  4  4  4  4  4  4  4  4  4  4  4  4  4  4  4  4  0  0  0  0  0  0  0  0  0  0  0  0  0  0  0  0  0  0  0  0  0  0  0  0  0
111111111111111111111111111111111111100  0  0  0  0  0  0111111111111111111111111111111100  0  0  0  0333111111 23 23 23 23 23 23 23  4  4  4  4  4  4  4  4  4  4  4  4  4  0  0  0  0  0  0  0  0  0  0  0  0  0  0  0  0  0  0  0  0  0  0  0  0  0  0  0  0  0  0  0  4  4  4  4  4  4  4  4  4  4  4  4  4  4  4  4  4  0  0  0  0  0  0  0  0  0  0  0  0  0  0  0  0  0  0  0  0  0  0  0  0  0  0  0  0
111111111111111111111111111111111111  0  0  0  0  0  0  0111111111111111111111111111111110  0  0  0  0311111 23 23 23 23 23 23 23 23  4  4  4  4  4  4  4  4  4  4  4  4  4  0  0  0  0  0  0  0  0  0  0  0  0  0  0  0  0  0  0  0  0  0  0  0  0  0  0  0  0  0  0  0  0  4  4  4  4  4  4  4  4  4  4  4  4  4  4  0  0  0  0  0  0  0  0  0  0  0  0  0  0  0  0  0  0  0  0  0  0  0  0  0  0  0  0  0  0
111111111111111111111111111111111111  0  0  0  0  0  0  0  1111111111111111111111111111111  0  0  0  3311111 23 23 23 23 23 23 23 23  4  4  4  4  4  4  4  4  4  4  4  4  4  4  4  0  0  0  0  0  0  0  0  0  0  0  0  0  0  0  0  0  0  0  0  0  0  0  0  0  0  0  0  0  0  0  4  4  4  4  4  4  4  4  4  4  4  4  4  0  0  0  0  0  0  0  0  0  0  0  0  0  0  0  0  0  0  0  0  0  0  0  0  0  0  0  0  0  0
111111111111111111111111111111111111  0  0  0  0  0  0  0  0111111111111111111111111111111100  0  0  3111111 23 23 23 23 23 23 23 23  4  4  4  4  4  4  4  4  4  4  4  4  4  4  4  4  0  0  0  0  0  0  0  0  0  0  0  0  0  0  0  0  0  0  0  0  0  0  0  0  0  0  0  0  0  0  0  4  4  4  4  4  4  4  4  4  4  4  0  0  0  0  0  0  0  0  0  0  0  0  0  0  0  0  0  0  0  0  0  0  0  0  0  0  0  0  0  0  0
111111111111111111111111111111111111100  0  0  0  0  0  0  0111111111111111111111111111111111100  0  3111111111 23 23 23 23 23 23 23  4  4  4  4  4  4  4  4  4  4  4  4  4  4  4  4  0  0  0  0  0  0  0  0  0  0  0  0  0  0  0  0  0  0  0  0  0  0  0  0  0  0  0  0  0  0  0  0  0  0  4  4  4  4  4  4  4  4  0  0  0  0  0  0  0  0  0  0  0  0  0  0  0  0  0  0  0  0  0  0  0  0  0  0  0  0  0  0  0
111111111111111111111111111111111111  0  0  0  0  0  0  0  0 11111111111111111111111111111111110  0 11111111 23 23 23 23 23 23 23 23  4  4  4  4  4  4  4  4  4  4  4  4  4  4  4  4  4  0  0  0  0  0  0  0  0  0  0  0  0  0  0  0  0  0  0  0  0  0  0  0  0  0  0  0  0  0  0  0  0  0  0  4  4  4  4  4  0  0  0  0  0  0  0  0  0  0  0  0  0  0  0  0  0  0  0  0  0  0  0  0  0  0  0  0  0  0  0  0  0
111111111111111111111111111111111110  0  0  0  0  0  0  0  0 11111111111111111111111111111111111100111111 23 23 23 23 23 23 23 23 23  4  4  4  4  4  4  4  4  4  4  4  4  4  4  4  4  4  0  0  0  0  0  0  0  0  0  0  0  0  0  0  0  0  0  0  0  0  0  0  0  0  0  0  0  0  0  0  0  0  0  0  0  0  4  4  0  0  0  0  0  0  0  0  0  0  0  0  0  0  0  0  0  0  0  0  0  0  0  0  0  0  0  0  0  0  0  0  0  0
111111111111111111111111111111111110  0  0  0  0  0  0  0  0  1111111111111111111111111111111111111111111 23 23 23 23 23 23 23 23 23  4  4  4  4  4  4  4  4  4  4  4  4  4  4  4  4  4  4  0  0  0  0  0  0  0  0  0  0  0  0  0  0  0  0  0  0  0  0  0  0  0  0  0  0  0  0  0  0  0  0  0  0  0  0  0  0  0  0  0  0  0  0  0  0  0  0  0  0  0  0  0  0  0  0  0  0  0  0  0  0  0  0  0  0  0  0  0  0  0
111111111111111111111111111111111110  0  0  0  0  0  0  0  0  1111111111111111111111111111111111111111111 23 23 23 23 23 23 23 23 23  4  4  4  4  4  4  4  4  4  4  4  4  4  4  4  4  4  4  0  0  0  0  0  0  0  0  0  0  0  0  0  0  0  0  0  0  0  0  0  0  0  0  0  0  0  0  0  0  0  0  0  0  0  0  0  0  0  0  0  0  0  0  0  0  0  0  0  0  0  0  0  0  0  0  0  0  0  0  0  0  0  0  0  0  0  0  0  0  0
111111111111111111111111111111111111100  0  0  0  0  0  0  0  0111111111111111111111111111111111111111111111111 23 23 23 23 23 23 23  4  4  4  4  4  4  4  4  4  4  4  4  4  4  4  4  4  4  4  0  0  0  0  0  0  0  0  0  0  0  0  0  0  0  0  0  0  0  0  0  0  0  0  0  0  0  0  0  0  0  0  0  0  0  0  0  0  0  0  0  0  0  0  0  0  0  0  0  0  0  0  0  0  0  0  0  0  0  0  0  0  0  0  0  0  0  0  0  0
111111111111111111111111111111111111100  0  0  0  0  0  0  0  0 11111111111111111111111111111111111111111111111 23 23 23 23 23 23 23  4  4  4  4  4  4  4  4  4  4  4  4  4  4  4  4  4  4  4  4  0  0  0  0  0  0  0  0  0  0  0  0  0  0  0  0  0  0  0  0  0  0  0  0  0  0  0  0  0  0  0  0  0  0  0  0  0  0  0  0  0  0  0  0  0  0  0  0  0  0  0  0  0  0  0  0  0  0  0  0  0  0  0  0  0  0  0  0  0
111111111111111111111111111111111111111  0  0  0  0  0  0  0  0 11111111111111111111111111111111111111111111111111111 23 23 23 23 23  4  4  4  4  4  4  4  4  4  4  4  4  4  4  4  4  4  4  4  4  0  0  0  0  0  0  0  0  0  0  0  0  0  0  0  0  0  0  0  0  0  0  0  0  0  0  0  0  0  0  0  0  0  0  0  0  0  0  0  0  0  0  0  0  0  0  0  0  0  0  0  0  0  0  0  0  0  0  0  0  0  0  0  0  0  0  0  0  0
111111111111111111111111111111111111111  0  0  0  0  0  0  0  0  1111110 11111111111111111111111111111111111111111111 23 23 23 23 23  4  4  4  4  4  4  4  4  4  4  4  4  4  4  4  4  4  4  4  4  4  0  0  0  0  0  0  4  4  0  0  0  0  0  0  0  0  0  0  0  0  0  0  0  0  0  0  0  0  0  0  0  0  0  0  0  0  0  0  0  0  0  0  0  0  0  0  0  0  0  0  0  0  0  0  0  0  0  0  0  0  0  0  0  0  0  0  0  0
111111111111111111111111111111111111111111  0100  0  0  0  0  0  0 10  0  0111111111111111111111111111111111111111111111111111 23 23  4  0  4  4  4  4  4  4  4  4  4  4  4  4  4  4  4  4  4  4  4  4  4  0  4  4  4  4  4  4  4  0  0  0  0  0  0  0  0  0  0  0  0  0  0  0  0  0  0  0  0  0  0  0  0  0  0  0  0  0  0  0  0  0  0  0  0  0  0  0  0  0  0  0  0  0  0  0  0  0  0  0  0  0  0  0  0  0  0
111111111111111111111111111111111111111111111111  0  0  0  0  0  0  0  0  0111111111111111111111111111111111111111111111111111111111  1  0  0  0  4  4  4  4  4  4  4  4  4  4  4  4  4  4  4  4  4  4  4  4  4  4  4  4  4  4  4  0  0  0  0  0  0  0  0  0  0  0  0  0  0  0  0  0  0  0  0  0  0  0  0  0  0  0  0  0  0  0  0  0  0  0  0  0  0  0  0  0  0  0  0  0  0  0  0  0  0  0  0  0  0  0  0  0  0
111111111111111111111111111111111111111111111111100  0  0  0  0  0  0  0  0 11111111111111111111111111111111111111111111111111111111  1  0  0  0  0  4  4  4  4  4  4  4  4  4  4  4  4  4  4  4  4  4  4  4  4  4  4  4  4  4  4  4  0  0  0  0  0  0  0  0  0  0  0  0  0  0  0  0  0  0  0  0  0  0  0  0  0  0  0  0  0  0  0  0  0  0  0  0  0  0  0  0  0  0  0  0  0  0  0  0  0  0  0  0  0  0  0  0  0
111111111111111111111111111111111111111111111111100  0  0  0  0  0  0  0  0 11111111111111111111111111111111111111111111111111111111  1  0  0  0  0  4  4  4  4  4  4  4  4  4  4  4  4  4  4  4  4  4  4  4  4  4  4  4  4  4  4  4  0  0  0  0  0  0  0  0  0  0  0  0  0  0  0  0  0  0  0  0  0  0  0  0  0  0  0  0  0  0  0  0  0  0  0  0  0  0  0  0  0  0  0  0  0  0  0  0  0  0  0  0  0  0  0  0  0
111111111111111111111111111111111111111111111111100  0  0  0  0  0  0  0  0111111111111111111111111111111111111111111111111111111111  1  0  0  0  0  4  4  4  4  4  4  4  4  4  4  4  4  4  4  4  4  4  4  4  4  4  4  4  4  4  4  0  0  0  0  0  0  0  0  0  0  0  0  0  0  0  0  0  0  0  0  0  0  0  0  0  0  0  0  0  0  0  0  0  0  0  0  0  0  0  0  0  0  0  0  0  0  0  0  0  0  0  0  0  0  0  0  0  0
111111111111111111111111111111111111111111111111111100  0  0  0  0  0  0  0111111111111111111111111111111111111111111111111111111111  1  0  0  0  0  0  0  0  4  4  4  4  4  4  4  4  4  4  4  4  4  4  4  4  4  4  4  4  4  4  4  0  0  0  0  0  0  0  0  0  0  0  0  0  0  0  0  0  0  0  0  0  0  0  0  0  0  0  0  0  0  0  0  0  0  0  0  0  0  0  0  0  0  0  0  0  0  0  0  0  0  0  0  0  0  0  0  0  0
111111111111111111111111111111111111111111111111111100  0  0  0  0  0  0  0 11111111111111111111111111111111111111111111111111111111  1  0  0  0  0  0  0  0  4  4  4  4  4  4  4  4  4  4  4  4  4  4  4  4  4  4  4  4  4  4  4  4  0  0  0  0  0  0  0  0  0  0  0  0  0  0  0  0  0  0  0  0  0  0  0  0  0  0  0  0  0  0  0  0  0  0  0  0  0  0  0  0  0  0  0  0  0  0  0  0  0  0  0  0  0  0  0  0  0
111111111111111111111111111111111111111111111111111110  0  0  0  0  0  0  0 11111111111111111111111111111111111111111111111111111111  1  0  0  0  0  0  0  0  0  4  4  4  4  4  4  4  4  4  4  4  4  4  4  4  4  4  4  4  4  4  4  4  0  0  0  0  0  0  0  0  0  0  0  0  0  0  0  0  0  0  0  0  0  0  0  0  0  0  0  0  0  0  0  0  0  0  0  0  0  0  0  0  0  0  0  0  0  0  0  0  0  0  0  0  0  0  0  0  0
111111111111111111111111111111111111111111111111111110  0  0  0  0  0  0  0  1111111111111111111111111111111111111111111111111111111  1  0  0  0  0  0  0  0  0  4  4  4  4  4  4  4  4  4  4  4  4  4  4  4  4  4  4  4  4  4  4  4  4  0  0  0  0  0  0  0  0  0  0  0  0  0  0  0  0  0  0  0  0  0  0  0  0  0  0  0  0  0  0  0  0  0  0  0  0  0  0  0  0  0  0  0  0  0  0  0  0  0  0  0  0  0  0  0  0
111111111111111111111111111111111111111111111111111110  0  0  0  0  0  0  0  1111111111111111111111111111111111111111111111111111111  1  0  0  0  0  0  0  0  0  4  4  4  4  4  4  4  4  4  4  4  4  4  4  4  4  4  4  4  4  4  4  4  4  0  0  0  0  0  0  0  0  0  0  0  0  0  0  0  0  0  0  0  0  0  0  0  0  0  0  0  0  0  0  0  0  0  0  0  0  0  0  0  0  0  0  0  0  0  0  0  0  0  0  0  0  0  0  0  0
111111111111111111111111111111111111111111111111111110  0  0  0  0  0  0  0  1111111111111111111111111111111111111111111111111111111  1  0  0  0  0  0  0  0  0  4  4  4  4  4  4  4  4  4  4  4  4  4  4  4  4  4  4  4  4  4  4  4  4  0  0  0  0  0  0  0  0  0  0  0  0  0  0  0  0  0  0  0  0  0  0  0  0  0  0  0  0  0  0  0  0  0  0  0  0  0  0  0  0  0  0  0  0  0  0  0  0  0  0  0  0  0  0  0  0
111111111111111111111111111111111111111111111111111111  0  0  0  0  0  0  0  1111111111111111111111111111111111111111111111111111111  1  0  0  0  0  0  0  0  0  0  4  4  4  4  4  4  4  4  4  4  4  4  4  4  4  4  4  4  4  4  4  4  4  0  0  0  0  0  0  0  0  0  0  0  0  0  0  0  0  0  0  0  0  0  0  0  0  0  0  0  0  0  0  0  0  0  0  0  0  0  0  0  0  0  0  0  0  0  0  0  0  0  0  0  0  0  0  0  0
111111111111111111111111111111111111111111111111111111110  0  0  0  0  0  0  1111111111111111111111111111111111111111111111111111111  1  0  0  0  0  0  0  0  0  0  0  0  4  4  4  4  4  4  4  4  4  4  4  4  4  4  4  4  4  4  4  4  4  0  0  0  0  0  0  0  0  0  0  0  0  0  0  0  0  0  0  0  0  0  0  0  0  0  0  0  0  0  0  0  0  0  0  0  0  0  0  0  0  0  0  0  0  0  0  0  0  0  0  0  0  0  0  0  0
111111111111111111111111111111111111111111111111111111111100  0  0  0  0  0  3111111111111111111111111111111111111111111111111111111  1  0  0  0  0  0  0  0  0  0  0  0  0  0  4  4  4  4  4  4  4  4  4  4  4  4  4  4  4  4  4  4  4  4  0  0  0  0  0  0  0  0  0  0  0  0  0  0  0  0  0  0  0  0  0  0  0  0  0  0  0  0  0  0  0  0  0  0  0  0  0  0  0  0  0  0  0  0  0  0  0  0  0  0  0  0  0  0  0
111111111111111111111111111111111111111111111111111111111100  0  0  0  0  0133111111111111111111111111111111111111111111111111111111  1  0  0  0  0  0  0  0  0  0  0  0  0  0  4  4  4  4  4  4  4  4  4  4  4  4  4  4  4  4  4  0  4  4  0  0  0  0  0  0  0  0  0  0  0  0  0  0  0  0  0  0  0  0  0  0  0  0  0  0  0  0  0  0  0  0  0  0  0  0  0  0  0  0  0  0  0  0  0  0  0  0  0  0  0  0  0  0  0
111111111111111111111111111111111111111111111111111111111111111110  0  0111111111111111111111111111111111111111111111111111111111111  1  0  0  0  0  0  0  0  0  0  0  0  0  0  0  0  0  0  0  0  0  4  4  4  4  4  4  4  0  0  0  0  0  0  0  0  0  0  0  0  0  0  0  0  0  0  0  0  0  0  0  0  0  0  0  0  0  0  0  0  0  0  0  0  0  0  0  0  0  0  0  0  0  0  0  0  0  0  0  0  0  0  0  0  0  0  0  0  0
111111111111111111111111111111111111111111111111111111111111111111  0  0111111111111111111111111111111111111111111111111111111111111  1  0  0  0  0  0  0  0  0  0  0  0  0  0  0  0  0  0  0  0  0  0  4  4  4  4  4  4  0  0  0  0  0  0  0  0  0  0  0  0  0  0  0  0  0  0  0  0  0  0  0  0  0  0  0  0  0  0  0  0  0  0  0  0  0  0  0  0  0  0  0  0  0  0  0  0  0  0  0  0  0  0  0  0  0  0  0  0  0
111111111111111111111111111111111111111111111111111111111111111111  0  1111111111111111111111111111111111111111111111111111111111111  1  0  0  0  0  0  0  0  0  0  0  0  0  0  0  0  0  0  0  0  0  0  4  4  4  4  4  0  0  0  0  0  0  0  0  0  0  0  0  0  0  0  0  0  0  0  0  0  0  0  0  0  0  0  0  0  0  0  0  0  0  0  0  0  0  0  0  0  0  0  0  0  0  0  0  0  0  0  0  0  0  0  0  0  0  0  0  0  0
111111111111111111111111111111111111111111111111111111111111111111111111111111111111111111111111111111111111111111111111111111111111  1  0  0  0  0  0  0  0  0  0  0  0  0  0  0  0  0  0  0  0  0  0  0  0  0  0  0  0  0  0  0  0  0  0  0  0  0  0  0  0  0  0  0  0  0  0  0  0  0  0  0  0  0  0  0  0  0  0  0  0  0  0  0  0  0  0  0  0  0  0  0  0  0  0  0  0  0  0  0  0  0  0  0  0  0  0  0  0  0
